input = [0,5,10,15,20,25,30,35,40,45,50,55,60,65,70,75,80,85,90,95,100,105,110,115,120,125,130,135,140,145,150,155,160,165,170,175,180];
output = [-7.9,-7.8,-7.6,-7.2,-6.9,-6.4,-6,-5.1,-4.6,-3.8,-3,-2.1,-1.4,-0.5,-0.1,0.1,0.5,0.8,1.3,2,2.8,3.6,4.4,5,5.7,6.4,7,7.6,8.1,9,9.6,9.8,9.9,10.1,10.3,10.4,10.5];
degree = 1;
% polyfit(input,output,degree);
gx = output/input
inputy = [0,5,10,15,20,25,30,35,40,45,50,55,60,65,70,75,80,85,90,95,100,105,110,115,120,125,130,135,140,145,150];
outputy=  [7.3,7,6.8,6.6,6.2,5.8,5.3,4.6,4,3.4,2.7,2.1,1.5,0.7,0.2,0,-0.9,-1.7,-2.3,-2.9,-3.8,-4.6,-5.3,-5.8,-6.5,-7,-7.7,-8,-8.6,-9,-9.1];
gy = outputy/inputy